<?xml version="1.0"?>
<opencv_storage>
<calibration_Time>"Thu 19 Apr 2018 07:38:02 PM EDT"</calibration_Time>
<nrOfFrames>25</nrOfFrames>
<image_Width>640</image_Width>
<image_Height>480</image_Height>
<board_Width>6</board_Width>
<board_Height>9</board_Height>
<square_Size>10.</square_Size>
<FixAspectRatio>1.</FixAspectRatio>
<!-- flags:  +fix_aspectRatio +fix_principal_point +zero_tangent_dist -->
<flagValue>14</flagValue>
<Camera_Matrix type_id="opencv-matrix">
  <rows>3</rows>
  <cols>3</cols>
  <dt>d</dt>
  <data>
    7.9063194239411268e+02 0. 320. 0. 7.9063194239411268e+02 240. 0. 0.
    1.</data></Camera_Matrix>
<Distortion_Coefficients type_id="opencv-matrix">
  <rows>5</rows>
  <cols>1</cols>
  <dt>d</dt>
  <data>
    -5.0733621135864437e-02 -1.2508940262714705e+00 0. 0.
    5.3457014259481097e+00</data></Distortion_Coefficients>
<Avg_Reprojection_Error>3.7443455477758769e-01</Avg_Reprojection_Error>
<Per_View_Reprojection_Errors type_id="opencv-matrix">
  <rows>25</rows>
  <cols>1</cols>
  <dt>f</dt>
  <data>
    3.22776854e-01 3.12019706e-01 6.98134124e-01 2.09546566e-01
    4.37561303e-01 6.35325670e-01 2.14170977e-01 4.06948358e-01
    4.77243364e-01 2.19089806e-01 3.99940521e-01 3.69868696e-01
    3.93312693e-01 4.22986895e-01 1.79730624e-01 4.52729374e-01
    4.25886989e-01 5.00675857e-01 3.84530097e-01 1.79963529e-01
    1.48820579e-01 2.58150190e-01 1.95457280e-01 1.95840910e-01
    2.11103722e-01</data></Per_View_Reprojection_Errors>
<!-- a set of 6-tuples (rotation vector + translation vector) for each view -->
<Extrinsic_Parameters type_id="opencv-matrix">
  <rows>25</rows>
  <cols>6</cols>
  <dt>d</dt>
  <data>
    1.7270429041247780e-02 4.9446091343880852e-02
    -3.7784132804636238e-02 -2.6468461471864998e+01
    -3.6012102110862955e+01 2.0937414601876998e+02
    2.7580126076609250e-02 1.3846525511271121e-02
    -2.7416801279359002e-02 -3.2795435758946375e+01
    -3.9911395851177140e+01 1.9759544133180958e+02
    -4.8583701232212180e-02 -3.1810705907526902e-02
    -2.9055584039099729e-02 -2.9917475700854059e+01
    -4.9989873159982302e+01 2.0745906790209025e+02
    -6.6380471072345390e-02 -7.6638352901556905e-02
    -4.5308697055216257e-02 -4.4612729677382717e+01
    -4.4483835035910310e+01 2.0079746523283211e+02
    -4.9034766463917148e-02 -3.4799803037113851e-02
    -3.1454987942859246e-02 -2.6833912149807549e+01
    -4.7187439250029605e+01 1.9960824981384502e+02
    9.6910951389154315e-03 -1.0905909664890841e-01
    3.7429597521373252e-02 -5.7588448183343075e+01
    -4.9859251535848919e+01 2.4816998064379348e+02
    -3.4558866773546110e-02 -1.4201937069566070e-01
    2.4818887808473727e-01 -5.6785629497651875e+01
    -4.4416757379978669e+01 2.5345006352285205e+02
    -8.1347483074340442e-03 -2.8543038238428107e-02
    -1.6476097876312937e-01 -5.4348198432938439e+01
    -4.2171832280171472e+01 2.4580792013382151e+02
    -2.9836273754772408e-01 -8.8914534563478684e-02
    -2.2389388301609529e-02 -4.9632631290151465e+01
    -1.3969058161000792e+01 2.3848556974531141e+02
    -2.9380397858390522e-01 -6.4026087225080616e-02
    -6.4170888867467440e-02 -4.6675249070625142e+01
    -4.9775745963819141e+01 2.6896390734557042e+02
    -1.7993641420215484e-01 -5.2589468759166751e-02
    -5.0043570717286226e-02 -5.4474844256383726e+01
    -5.7449136657566498e+01 2.4792494526619009e+02
    -1.1495130544526314e-01 -4.3116575965821857e-01
    7.3905243864823167e-02 -4.5850660643720211e+01
    -2.1499708357206796e+01 2.1729510447185504e+02
    -1.3679101236602392e-01 -2.3349458895668299e-01
    2.8228118470573937e-02 -4.1321705857047853e+01
    -3.0507160302072098e+01 2.0007508617992835e+02
    -9.5164824146430210e-02 -1.4743326029731332e-01
    1.6121834530585622e-02 -3.5905710783793111e+01
    -4.1237458558398018e+01 1.7528359783098608e+02
    -1.2138362486004937e-01 -1.5341409394528255e-01
    -1.5777599776488363e-02 -4.9881222316043157e+01
    -4.1194879992234739e+01 2.1302537202918811e+02
    -1.1796276643401986e-01 -2.0317749912109573e-01
    -4.9664028112120583e-02 -6.0078185364291294e+01
    -4.1687818432472035e+01 2.0500323688894687e+02
    -1.4022580354074948e-01 -1.2783354424434595e-01
    3.8156737713199262e-01 -3.8756662147874557e+01
    -4.6850772448439187e+01 2.0304475316469515e+02
    -7.5672923405982653e-02 -1.3235008743933308e-01
    6.7420576330338178e-01 -2.1988487280537775e+01
    -5.7704345055659338e+01 1.9677228869878101e+02
    -6.6721404906593715e-02 -2.0526420529539904e-01
    6.1038092590640891e-01 -5.3856796642717974e+01
    -6.5013819235126491e+01 2.5744067808604495e+02
    -1.6172701907782969e-01 -1.5084559817547660e-01
    5.8692145712237098e-01 -5.1213030785762619e+01
    -3.9214220819175694e+01 2.6135509411311290e+02
    -1.4636446048090010e-01 -5.1076659304222005e-02
    6.0096910422071281e-01 -2.8949175081963954e+01
    -3.8498971989861083e+01 2.5471523977455061e+02
    -1.5413687610122720e-01 7.7732479899564944e-02
    1.5326817236471679e-01 -3.7520768082775625e+01
    -2.2412456137573955e+01 2.5084937707694121e+02
    -6.2609366988515630e-02 5.2207129431709763e-02
    -1.0604632085211153e-01 -6.1655475287855680e+01
    -3.9496803035469625e+01 2.3942843962175101e+02
    -1.0805611083036058e-01 3.3565295012690843e-02
    2.6592317269389595e-02 -3.9931720268756514e+01
    -2.6031163758989454e+01 2.2638216385774729e+02
    -7.9788672541323408e-02 2.1987201381666665e-02
    -1.9958175083126948e-02 -4.5843634052077334e+01
    -4.1156800391795741e+01 2.1460108595101485e+02</data></Extrinsic_Parameters>
