<?xml version="1.0"?>
<opencv_storage>
<calibration_Time>"Sat 21 Apr 2018 10:32:33 AM EDT"</calibration_Time>
<nrOfFrames>15</nrOfFrames>
<image_Width>640</image_Width>
<image_Height>480</image_Height>
<board_Width>6</board_Width>
<board_Height>9</board_Height>
<square_Size>10.</square_Size>
<FixAspectRatio>1.</FixAspectRatio>
<!-- flags:  +fix_aspectRatio +fix_principal_point +zero_tangent_dist -->
<flagValue>14</flagValue>
<Camera_Matrix type_id="opencv-matrix">
  <rows>3</rows>
  <cols>3</cols>
  <dt>d</dt>
  <data>
    9.2562686054649964e+02 0. 320. 0. 9.2562686054649964e+02 240. 0. 0.
    1.</data></Camera_Matrix>
<Distortion_Coefficients type_id="opencv-matrix">
  <rows>5</rows>
  <cols>1</cols>
  <dt>d</dt>
  <data>
    -2.5418193025439551e-01 1.4235990390797122e+00 0. 0.
    -7.2933813880331821e-01</data></Distortion_Coefficients>
<Avg_Reprojection_Error>3.4871797970574409e-01</Avg_Reprojection_Error>
<Per_View_Reprojection_Errors type_id="opencv-matrix">
  <rows>15</rows>
  <cols>1</cols>
  <dt>f</dt>
  <data>
    4.54517961e-01 7.00975657e-01 3.16511869e-01 3.56819004e-01
    2.47716516e-01 2.60699004e-01 2.26035625e-01 1.48762032e-01
    1.94616869e-01 2.30374008e-01 1.78701043e-01 1.56859413e-01
    5.26987076e-01 4.53342140e-01 2.55615830e-01</data></Per_View_Reprojection_Errors>
<!-- a set of 6-tuples (rotation vector + translation vector) for each view -->
<Extrinsic_Parameters type_id="opencv-matrix">
  <rows>15</rows>
  <cols>6</cols>
  <dt>d</dt>
  <data>
    -6.6652250072426394e-02 1.7447305676207253e-01
    -1.5626455803705802e-01 -2.6270738908234279e+01
    -5.4801050744798253e+01 2.5809713532373360e+02
    -2.2499812802483066e-01 1.6451654959207926e-01
    -2.9250426312792215e-02 -3.4952319158509766e+01
    -2.5268508291763734e+01 2.7263509772029050e+02
    -6.4223105894400875e-02 4.0622460537713900e-02
    -5.3187638746843915e-02 -3.7315475271342322e+01
    -5.2173801739878598e+01 2.7312088273024921e+02
    -2.2103578746196906e-01 6.5691454539482955e-02
    -2.2974437540336311e-02 -2.4608249173271282e+01
    -2.2211022601928260e+01 3.9376644466624901e+02
    -1.6756140343647102e-01 -1.3962187644297802e-01
    -6.8865414860191737e-02 -8.5844436208235621e+01
    -4.1401407877042914e+01 3.7141642529930886e+02
    -2.2141002026975717e-01 -1.4070665047253081e-01
    -7.1815657546639489e-02 -8.4298418595062401e+01
    -1.3473105193760682e+01 3.7514910025519146e+02
    -2.6903440911028248e-01 -1.0145256325994254e-01
    2.8820255350074300e-04 -2.5403328764356157e+01
    -7.2046951214687383e+00 3.8105373653593318e+02
    -2.0528334605120765e-01 8.1597600325196043e-02
    3.2515676309369045e-02 2.9022503314834026e+01
    -1.8745755905394933e+01 3.6815102601817387e+02
    -1.4553303011244073e-01 5.9546376971599972e-02
    2.9556763066771404e-02 2.6370528234300036e+01
    -3.8920526284701310e+01 3.5721306375496306e+02
    -8.1973388715390200e-02 3.8813526574769520e-03
    4.9583385044251055e-02 2.1692068334952069e+01
    -5.3562907550128898e+01 3.4848880429185436e+02
    -1.5167844565163241e-01 2.6754245103423627e-02
    1.7030528433837792e-02 2.0201400681728131e+01
    -3.7095075026437542e+01 3.5393164200188511e+02
    -1.5747772608582528e-01 1.2227705918126193e-02
    -1.4026552281997106e-04 1.2972156941848942e+01
    -3.3923910662205671e+01 3.4561833392785002e+02
    -9.1313730056954923e-02 -5.6751233562194178e-02
    -1.6166592616778865e-02 -1.2617251067244482e+01
    -4.5759341823544695e+01 3.0102427787028364e+02
    -1.8287799273716879e-01 -8.6718072427166532e-02
    -1.7619668270129729e-02 -3.9280519863610401e+01
    -3.2117922807140630e+01 2.8763844449536379e+02
    -1.3331011247116856e-01 -1.3838247512606486e-01
    -4.4035711290684884e-02 -4.6324046360128811e+01
    -4.2230754264673884e+01 2.9531232226247357e+02</data></Extrinsic_Parameters>
<Image_points type_id="opencv-matrix">
  <rows>15</rows>
  <cols>54</cols>
  <dt>"2f"</dt>
  <data>
    2.27311401e+02 4.60602951e+01 2.60851135e+02 3.87260437e+01
    2.95012329e+02 3.14851532e+01 3.30217255e+02 2.44017773e+01
    3.65524048e+02 1.71255417e+01 4.01279480e+02 9.99358940e+00
    2.31775299e+02 7.94827576e+01 2.65738159e+02 7.26279297e+01
    3.00392151e+02 6.57102127e+01 3.35712769e+02 5.88600616e+01
    3.71463715e+02 5.19458046e+01 4.07457123e+02 4.50241203e+01
    2.36481293e+02 1.13779900e+02 2.70962158e+02 1.07259476e+02
    3.05710938e+02 1.00601082e+02 3.41454742e+02 9.39205322e+01
    3.77431244e+02 8.72237320e+01 4.13627228e+02 8.05917358e+01
    2.41492233e+02 1.48571335e+02 2.76050537e+02 1.42239380e+02
    3.11113678e+02 1.35764786e+02 3.47212067e+02 1.29294830e+02
    3.83424683e+02 1.22995834e+02 4.19758820e+02 1.16465050e+02
    2.46571426e+02 1.83881638e+02 2.81377899e+02 1.77691193e+02
    3.16461609e+02 1.71388382e+02 3.52738678e+02 1.65235855e+02
    3.89243134e+02 1.59047531e+02 4.26000977e+02 1.52701447e+02
    2.51882706e+02 2.19440216e+02 2.86552856e+02 2.13425247e+02
    3.21938416e+02 2.07445267e+02 3.58402618e+02 2.01451889e+02
    3.95126434e+02 1.95441589e+02 4.32122162e+02 1.89247833e+02
    2.57035004e+02 2.55164398e+02 2.92078613e+02 2.49757507e+02
    3.27587494e+02 2.43992325e+02 3.64096649e+02 2.38169113e+02
    4.01061493e+02 2.32386368e+02 4.38249908e+02 2.26577927e+02
    2.62215759e+02 2.91357880e+02 2.97493317e+02 2.86086456e+02
    3.33182129e+02 2.80766235e+02 3.69935242e+02 2.75199768e+02
    4.06932526e+02 2.69634430e+02 4.44308075e+02 2.63978882e+02
    2.67519379e+02 3.27649506e+02 3.02922760e+02 3.22723877e+02
    3.38808655e+02 3.17723419e+02 3.75722076e+02 3.12546661e+02
    4.12823792e+02 3.07153870e+02 4.50388763e+02 3.01645325e+02
    2.01382309e+02 1.53912125e+02 2.34522461e+02 1.51818756e+02
    2.67940582e+02 1.49625717e+02 3.01997864e+02 1.47615234e+02
    3.36095612e+02 1.45666718e+02 3.70316895e+02 1.43514359e+02
    2.00925674e+02 1.86712616e+02 2.34103821e+02 1.84874130e+02
    2.67980499e+02 1.82698914e+02 3.02161957e+02 1.80918930e+02
    3.36460693e+02 1.79003311e+02 3.70984192e+02 1.77127731e+02
    2.00038849e+02 2.20085831e+02 2.34129242e+02 2.18477997e+02
    2.67716705e+02 2.16671890e+02 3.02632019e+02 2.14673676e+02
    3.37093719e+02 2.13039658e+02 3.72050415e+02 2.11374069e+02
    1.99640320e+02 2.54110687e+02 2.33571960e+02 2.52548645e+02
    2.67682831e+02 2.50822021e+02 3.02480804e+02 2.49295471e+02
    3.37924408e+02 2.47518143e+02 3.72612640e+02 2.45949493e+02
    1.99041122e+02 2.88604401e+02 2.33175339e+02 2.87270050e+02
    2.67476227e+02 2.85556732e+02 3.02771179e+02 2.84230072e+02
    3.38038300e+02 2.82611145e+02 3.73226776e+02 2.81044739e+02
    1.98822098e+02 3.23502106e+02 2.33069244e+02 3.22359985e+02
    2.67550629e+02 3.20702820e+02 3.02945465e+02 3.19497345e+02
    3.38317291e+02 3.17908142e+02 3.73906006e+02 3.16504150e+02
    1.98222458e+02 3.58679047e+02 2.32784409e+02 3.57578247e+02
    2.67484711e+02 3.56518005e+02 3.02877319e+02 3.55411346e+02
    3.38448792e+02 3.53851013e+02 3.74141510e+02 3.52546631e+02
    1.97479645e+02 3.94465851e+02 2.32353577e+02 3.93454956e+02
    2.67305878e+02 3.92467438e+02 3.03022461e+02 3.91322266e+02
    3.38825745e+02 3.89994293e+02 3.74763672e+02 3.88588013e+02
    1.97075378e+02 4.30251709e+02 2.32034317e+02 4.29499207e+02
    2.67334412e+02 4.28532990e+02 3.03330658e+02 4.27515778e+02
    3.39015503e+02 4.26477264e+02 3.75132874e+02 4.25374146e+02
    1.95292252e+02 6.52499695e+01 2.28125717e+02 6.27029915e+01
    2.61122253e+02 6.03997269e+01 2.94762360e+02 5.84730453e+01
    3.28325745e+02 5.62705383e+01 3.61928009e+02 5.43208008e+01
    1.96340805e+02 9.75326157e+01 2.29445221e+02 9.53763123e+01
    2.62816864e+02 9.32630844e+01 2.96601440e+02 9.12967377e+01
    3.30317505e+02 8.91714020e+01 3.64038452e+02 8.73412094e+01
    1.97418243e+02 1.30524109e+02 2.30829758e+02 1.28564987e+02
    2.64343567e+02 1.26486427e+02 2.98380066e+02 1.24536949e+02
    3.32219543e+02 1.22558876e+02 3.66174957e+02 1.20799095e+02
