<?xml version="1.0"?>
<opencv_storage>
<calibration_Time>"Fri 20 Apr 2018 12:21:27 AM EDT"</calibration_Time>
<nrOfFrames>15</nrOfFrames>
<image_Width>640</image_Width>
<image_Height>480</image_Height>
<board_Width>6</board_Width>
<board_Height>9</board_Height>
<square_Size>10.</square_Size>
<FixAspectRatio>1.</FixAspectRatio>
<!-- flags:  +fix_aspectRatio +fix_principal_point +zero_tangent_dist -->
<flagValue>14</flagValue>
<Camera_Matrix type_id="opencv-matrix">
  <rows>3</rows>
  <cols>3</cols>
  <dt>d</dt>
  <data>
    7.4260311175816298e+02 0. 320. 0. 7.4260311175816298e+02 240. 0. 0.
    1.</data></Camera_Matrix>
<Distortion_Coefficients type_id="opencv-matrix">
  <rows>5</rows>
  <cols>1</cols>
  <dt>d</dt>
  <data>
    1.3215091987267438e-01 -1.5817707243609012e+00 0. 0.
    4.8019442421984904e+00</data></Distortion_Coefficients>
<Avg_Reprojection_Error>3.4770077864333782e-01</Avg_Reprojection_Error>
<Per_View_Reprojection_Errors type_id="opencv-matrix">
  <rows>15</rows>
  <cols>1</cols>
  <dt>f</dt>
  <data>
    2.87800729e-01 2.18464091e-01 5.22357464e-01 2.50020444e-01
    3.34073454e-01 4.95371878e-01 2.81278670e-01 2.29757071e-01
    5.86129248e-01 2.36502156e-01 3.39625627e-01 2.55780846e-01
    3.48271400e-01 3.10751408e-01 2.45967880e-01</data></Per_View_Reprojection_Errors>
<!-- a set of 6-tuples (rotation vector + translation vector) for each view -->
<Extrinsic_Parameters type_id="opencv-matrix">
  <rows>15</rows>
  <cols>6</cols>
  <dt>d</dt>
  <data>
    -1.1281213685016407e-01 -1.1286963987126852e-01
    -5.6864301606303957e-02 -1.4879380657895824e+01
    -4.2770374901815195e+01 2.4914921099798948e+02
    -1.4229387067498864e-01 -2.3803599196953179e-01
    -9.8495455324116035e-02 -4.0898000781086154e+01
    -4.3836958659438011e+01 2.5481791502893489e+02
    -2.4285611687283962e-01 -2.1532295979466767e-01
    -9.3181727847931023e-02 -1.9121492283918656e+01
    -1.8070435506228876e+01 2.5822058662244399e+02
    -1.2813001734675120e-01 -1.0146471683092582e-01
    -2.1110498846671443e-02 1.5452890963425949e+00
    -4.9398622083914383e+01 2.5662763640628896e+02
    -1.0784349688103802e-01 -1.1890493735572917e-02
    4.0452712956958493e-02 3.2504067548247342e+01
    -5.2157060758195264e+01 2.5060383765093147e+02
    -1.2231785501248116e-01 -1.2343555072122200e-02
    1.3198908678343975e-02 3.9490363688491414e+01
    -4.0440010632109363e+01 2.4360776384816944e+02
    -1.5715698624624161e-01 -3.7476325599615730e-02
    -2.8502577103798145e-02 1.5457053924701432e+01
    -3.7422802848248573e+01 2.5228074963486426e+02
    -4.5096146590159793e-02 -2.2910071625722733e-01
    -1.4366904464661547e-02 -3.0885316800306335e+01
    -6.8157438682071032e+01 2.4839403845309150e+02
    -7.9721328453131929e-02 -3.1313093166948791e-01
    -6.1779920778400894e-02 -6.6417279319053151e+01
    -5.0101392379565361e+01 2.5001370432270392e+02
    -1.8945451043432818e-01 -4.2587704577330288e-01
    -1.0678964861571545e-01 -8.3070126182150332e+01
    -2.5838466450761914e+01 2.4671043555178812e+02
    -1.9789365930445346e-01 -4.1546507250069653e-01
    -1.0280947627124347e-01 -8.1444168047429130e+01
    -3.2703718916568022e+01 2.4870078556276195e+02
    -1.6083276118895776e-01 -2.7402937193262211e-01
    -4.5145297641930149e-02 -3.9559916270312854e+01
    -4.0601470368117653e+01 2.5456099185034148e+02
    -1.5534866267679914e-01 -1.4679520253337242e-01
    3.7430338941975810e-02 9.0011513632785025e+00
    -3.9650008170725904e+01 2.5191944757916283e+02
    -9.1363972768193136e-02 -4.9089591498249444e-02
    3.4532002887453353e-02 3.0084704213398823e+01
    -5.4279657431298858e+01 2.4063781520956988e+02
    -1.1460992940822480e-01 -2.1509106679514572e-01
    -4.2530890022994946e-03 -1.4080801920276592e+01
    -4.4510054300912543e+01 2.4765933558328200e+02</data></Extrinsic_Parameters>
<Image_points type_id="opencv-matrix">
  <rows>15</rows>
  <cols>54</cols>
  <dt>"2f"</dt>
  <data>
    2.75157532e+02 1.12388504e+02 3.04875488e+02 1.11404434e+02
    3.34447235e+02 1.10300346e+02 3.63909546e+02 1.09454979e+02
    3.92927704e+02 1.08575424e+02 4.21515015e+02 1.07748901e+02
    2.77132416e+02 1.41287979e+02 3.06886414e+02 1.40180862e+02
    3.36519226e+02 1.39176712e+02 3.65947235e+02 1.38262589e+02
    3.95285522e+02 1.37510818e+02 4.23719238e+02 1.36352341e+02
    2.78714203e+02 1.70778076e+02 3.08835419e+02 1.69566299e+02
    3.38582367e+02 1.68473694e+02 3.68092010e+02 1.67266083e+02
    3.97323364e+02 1.66480576e+02 4.25820709e+02 1.65432281e+02
    2.80496155e+02 2.00659546e+02 3.10609436e+02 1.99343445e+02
    3.40496338e+02 1.97982315e+02 3.70350616e+02 1.96864410e+02
    3.99469879e+02 1.95665466e+02 4.28339386e+02 1.94365250e+02
    2.82357056e+02 2.30671127e+02 3.12703522e+02 2.29179245e+02
    3.42580536e+02 2.27717560e+02 3.72284393e+02 2.26312271e+02
    4.01493256e+02 2.25089233e+02 4.30594055e+02 2.23623169e+02
    2.84217194e+02 2.60981476e+02 3.14584442e+02 2.59337219e+02
    3.44647522e+02 2.57717010e+02 3.74445709e+02 2.55961029e+02
    4.03788116e+02 2.54638519e+02 4.33041168e+02 2.52945374e+02
    2.85918549e+02 2.91558624e+02 3.16552673e+02 2.89721100e+02
    3.46675354e+02 2.87912445e+02 3.76607178e+02 2.86227722e+02
    4.06398315e+02 2.84445221e+02 4.35240234e+02 2.82685333e+02
    2.87557373e+02 3.22286438e+02 3.18518341e+02 3.20318817e+02
    3.48296326e+02 3.17864990e+02 3.78562988e+02 3.15955200e+02
    4.08144806e+02 3.14235321e+02 4.38071594e+02 3.12321106e+02
    2.89475677e+02 3.53391296e+02 3.19776306e+02 3.50675781e+02
    3.50482635e+02 3.49038696e+02 3.80664490e+02 3.46670532e+02
    4.10666473e+02 3.44853638e+02 4.40451599e+02 3.43083313e+02
    2.00456070e+02 1.12444603e+02 2.29458298e+02 1.11034691e+02
    2.57887085e+02 1.09570808e+02 2.86236481e+02 1.08427055e+02
    3.13770264e+02 1.07389610e+02 3.40786774e+02 1.06292358e+02
    2.03263947e+02 1.40205765e+02 2.32345840e+02 1.38635895e+02
    2.61067413e+02 1.37277588e+02 2.89334137e+02 1.35835556e+02
    3.17056061e+02 1.34754456e+02 3.43981567e+02 1.33496277e+02
    2.06107773e+02 1.68696716e+02 2.35425842e+02 1.66969330e+02
    2.64032562e+02 1.65221024e+02 2.92507477e+02 1.63654526e+02
    3.20112427e+02 1.62395767e+02 3.47400940e+02 1.60838135e+02
    2.08885757e+02 1.97642456e+02 2.38324493e+02 1.95638809e+02
    2.67250275e+02 1.93652740e+02 2.95619171e+02 1.91813004e+02
    3.23247040e+02 1.90386322e+02 3.50521149e+02 1.88501617e+02
    2.11818848e+02 2.26983002e+02 2.41447083e+02 2.24658997e+02
    2.70353058e+02 2.22341843e+02 2.98693237e+02 2.20243149e+02
    3.26673309e+02 2.18176147e+02 3.54020599e+02 2.16263565e+02
    2.14632538e+02 2.56216156e+02 2.44495682e+02 2.53652786e+02
    2.73383575e+02 2.51037216e+02 3.02066010e+02 2.48848618e+02
    3.29836304e+02 2.46437592e+02 3.57572388e+02 2.44168213e+02
    2.17644440e+02 2.86008118e+02 2.47184097e+02 2.83110168e+02
    2.76474365e+02 2.80438110e+02 3.05401398e+02 2.77547607e+02
    3.33497925e+02 2.74836029e+02 3.61117645e+02 2.72548859e+02
    2.20492676e+02 3.15821106e+02 2.50439987e+02 3.12717255e+02
    2.79516357e+02 3.09671021e+02 3.08545105e+02 3.06677856e+02
    3.36815369e+02 3.03792786e+02 3.64445801e+02 3.01169739e+02
    2.23366577e+02 3.46351288e+02 2.53130356e+02 3.42874908e+02
    2.82667389e+02 3.39522400e+02 3.11800964e+02 3.36307465e+02
    3.40223785e+02 3.33159698e+02 3.68067719e+02 3.30109558e+02
    2.65066071e+02 1.88712662e+02 2.93021149e+02 1.86911194e+02
    3.20498108e+02 1.85168777e+02 3.48006958e+02 1.83513123e+02
    3.74856903e+02 1.81680099e+02 4.01583344e+02 1.80341553e+02
    2.68204651e+02 2.16260712e+02 2.96212646e+02 2.13873291e+02
    3.23916382e+02 2.12379303e+02 3.51596741e+02 2.10455276e+02
    3.78867371e+02 2.08741638e+02 4.05214386e+02 2.06670944e+02
    2.71200317e+02 2.43925430e+02 2.99547058e+02 2.41718353e+02
    3.27524811e+02 2.39546204e+02 3.55223480e+02 2.37667740e+02
    3.82245605e+02 2.35704254e+02 4.09418488e+02 2.33843018e+02
